1,807|511|594|848|653|
1,054|303|423|554|493|
193.5|55.3|77.4|109.1|77.6|
65.2|17.5|25.7|28.8|15.2|
6.5|8.8|12.8|14.4|15.2
72.6|19.5|28.5|32.1|17.1|
13.75|3.50|4.25|5.00|1.50|
1.38|1.75|2.13|2.50|1.50
1.0|0.9|0.8|0.7|0.3|
378.0|91.6|118.2|144.7|89.4|
37.8|45.8|59.1|72.4|89.4
207.12|1,035.58|1,035.58|1,035.58|2,071.16|
-|1|-|-|1:1|
7.4|7.4|6.6|6.4|7.4|
21.9|23.2|19.8|24.3|37.8|
19.7|20.9|17.9|21.9|33.4|
3.8|4.4|4.3|4.8|6.4|
21.1|20.0|16.6|17.4|9.9|
296,285|421,481|526,592|725,942|1,186,775|
`000|8.0|11.2|12.6|14.0|14.0|
4,822|8,190|11,877|15,345|20,744|
5,009.3|5,114.2|6,364.7|8,071.3|11,486.0|
602.8|731.2|942.6|1,096.1|1,481.7|
1,688.9|1,621.5|2,108.5|2,130.8|2,243.9|
